100 0.059590
200 0.052970
300 0.052880
400 0.052580
500 0.058570
600 0.054460
700 0.056870
800 0.053900
900 0.053090
1000 0.056120
1100 0.052860
1200 0.058680
1300 0.055480
1400 0.058460
1500 0.090480
1600 0.092390
1700 0.094440
1800 0.101070
1900 0.101750
2000 0.099280
2100 0.095530
2200 0.095220
2300 0.100820
2400 0.098710
2500 0.102570
2600 0.105970
2700 0.100620
2800 0.098240
2900 0.096060
3000 0.100000
3100 0.098010
3200 0.100510
3300 0.096190
3400 0.098480
3500 0.101320
3600 0.100500
3700 0.108960
3800 0.101760
3900 0.097190
4000 0.095210
4100 0.098730
4200 0.097280
4300 0.102330
4400 0.100830
4500 0.111710
4600 0.116610
4700 0.119400
4800 0.127150
4900 0.097620
5000 0.114240
5100 0.120400
5200 0.119920
5300 0.145970
5400 0.136880
5500 0.116770
5600 0.137700
5700 0.106190
5800 0.099910
5900 0.113140
6000 0.112380
6100 0.110060
6200 0.118560
6300 0.118890
6400 0.121780
6500 0.109300
6600 0.112420
6700 -9.874130
6800 0.120700
6900 0.120030
7000 0.121200
7100 0.108540
7200 0.121900
7300 0.121080
7400 0.135680
7500 0.130730
7600 0.122780
7700 0.134230
7800 0.130560
7900 0.136970
8000 0.130000
8100 0.133540
8200 0.136380
8300 0.126860
8400 0.132470
8500 0.129670
8600 0.136060
8700 0.129250
8800 0.131940
8900 0.126690
9000 0.136460
9100 0.130530
9200 0.128770
9300 0.129720
9400 0.143300
9500 0.130400
9600 0.127190
9700 0.140290
9800 0.129440
9900 0.127970
10000 0.132130
10100 0.128360
10200 0.140460
10300 0.128750
10400 0.132420
10500 0.133040
10600 0.148020
10700 0.127350
10800 0.119250
10900 0.131090
11000 0.132440
11100 0.133060
11200 0.117650
11300 0.131110
11400 0.124120
11500 0.148670
11600 0.134570
11700 0.125880
11800 0.125700
11900 0.121950
12000 0.143060
12100 0.144050
12200 0.141880
12300 0.126780
12400 0.123960
12500 0.139860
12600 0.143880
12700 0.126840
12800 0.145630
12900 0.128570
13000 0.128820
13100 0.141310
13200 0.121510
13300 0.124030
13400 0.124240
13500 0.122770
13600 0.123100
13700 0.124270
13800 0.127340
13900 0.126590
14000 0.131830
14100 0.119210
14200 0.125620
14300 0.130840
14400 0.128810
14500 0.134990
14600 0.140700
14700 0.127880
14800 0.122760
14900 0.131000
15000 0.126520
15100 0.127770
15200 0.136980
15300 0.137100
15400 0.130300
15500 0.132240
15600 0.131270
15700 0.132870
15800 0.140310
15900 0.129600
16000 0.126140
16100 0.129980
16200 0.121270
16300 0.132800
16400 0.123550
16500 0.129030
16600 0.122840
16700 0.143990
16800 0.122470
16900 0.123360
17000 0.136840
17100 -9.855310
17200 0.128250
17300 0.122470
17400 0.127520
17500 0.124220
17600 0.127080
17700 0.130770
17800 0.121260
17900 0.131260
18000 0.134720
18100 0.134080
18200 0.127180
18300 0.123550
18400 0.126210
18500 0.131230
18600 0.124660
18700 0.132260
18800 0.123270
18900 0.125400
19000 0.125680
19100 0.126490
19200 0.120540
19300 0.122870
19400 0.118530
19500 0.123230
19600 0.134940
19700 0.122900
19800 0.123940
19900 0.118270
20000 0.123760
20100 0.123270
20200 0.129110
20300 0.124720
20400 0.140780
20500 0.123600
20600 0.122890
20700 0.138080
20800 0.128670
20900 0.120120
21000 0.111980
21100 0.123300
21200 0.115340
21300 0.117370
21400 0.123180
21500 0.124020
21600 0.125780
21700 0.120140
21800 0.131120
21900 0.120970
22000 0.121980
22100 0.113980
22200 0.152110
22300 0.119300
22400 0.117680
22500 0.124590
22600 0.124780
22700 0.117070
22800 0.126050
22900 0.126740
23000 0.129260
23100 0.128610
23200 0.124400
23300 0.125560
23400 0.121390
23500 0.115560
23600 0.135260
23700 0.121500
23800 0.118140
23900 0.117450
24000 0.123820
24100 0.125330
24200 0.125190
24300 0.124010
24400 0.125470
24500 0.133230
24600 0.140020
24700 0.120790
24800 0.125730
24900 0.112570
25000 0.126600
25100 0.128090
25200 0.113620
25300 0.112970
25400 0.118690
25500 0.117290
25600 0.118700
25700 0.129110
25800 0.121650
25900 0.124060
26000 0.125730
26100 0.112740
26200 0.120430
26300 0.109060
26400 0.121090
26500 0.112460
26600 0.118530
26700 0.123080
26800 0.111770
26900 -9.886870
27000 0.126080
27100 0.124500
27200 0.110210
27300 0.113080
27400 0.123340
27500 0.119540
27600 0.117530
27700 0.125550
27800 0.113670
27900 0.112970
28000 0.115590
28100 0.113840
28200 0.119740
28300 0.111950
28400 0.117770
28500 0.113110
28600 0.124230
28700 0.118570
28800 0.122200
28900 0.125000
29000 0.118690
29100 0.113360
29200 0.116480
29300 0.118500
29400 0.112490
29500 0.115690
29600 0.118320
29700 0.121720
29800 0.115140
29900 0.121220
30000 0.118320
30100 0.145240
30200 0.133540
30300 0.121550
30400 0.119780
30500 0.124220
30600 0.122470
30700 0.115100
30800 0.115530
30900 0.116160
31000 0.122850
31100 0.126350
31200 0.114110
31300 0.114820
31400 0.120250
31500 0.118680
31600 0.119460
31700 0.120410
31800 0.119300
31900 0.114720
32000 0.119890
32100 0.114950
32200 0.123050
32300 0.123620
32400 0.117300
32500 0.118680
32600 0.118860
32700 0.111730
32800 0.110200
32900 0.114210
33000 0.126710
33100 -9.854270
33200 0.121340
33300 0.118700
33400 0.116020
33500 0.113560
33600 0.124830
33700 0.119430
33800 0.129760
33900 0.120800
34000 0.125570
34100 0.120930
34200 0.124010
34300 0.126840
34400 0.119380
34500 0.158290
34600 0.123580
34700 0.121120
34800 0.126840
34900 0.127540
35000 0.124070
35100 0.122700
35200 0.123790
35300 0.127610
35400 0.125410
35500 0.126180
35600 0.128820
35700 0.120860
35800 0.144020
35900 0.119880
36000 0.124680
36100 0.126740
36200 0.125600
36300 0.118650
36400 0.123990
36500 0.125690
36600 0.128650
36700 0.126890
36800 0.123370
36900 0.132660
37000 0.123660
37100 0.129460
37200 0.129210
37300 0.132090
37400 -9.867400
37500 0.126680
37600 0.128940
37700 0.126920
37800 0.131960
37900 0.131040
38000 0.126280
38100 0.124890
38200 0.169410
38300 0.133980
38400 0.133990
38500 0.126670
38600 0.127660
38700 0.125880
38800 0.130630
38900 0.130690
39000 0.130520
39100 0.132400
39200 0.128030
39300 0.131040
39400 0.138220
39500 0.136430
39600 0.196110
39700 0.128970
39800 0.130320
39900 0.132000
40000 0.124910
40100 0.128440
40200 0.131180
40300 0.129210
40400 0.130930
40500 0.128090
40600 0.129540
40700 0.128780
40800 0.128110
40900 0.135150
41000 0.133300
41100 0.131100
41200 0.146740
41300 0.136090
41400 0.137430
41500 0.137590
41600 -9.862020
41700 0.140230
41800 0.133300
41900 0.141830
42000 0.130560
42100 0.137970
42200 0.154010
42300 0.133960
42400 0.146720
42500 0.142680
42600 0.135730
42700 0.152300
42800 0.134880
42900 0.139930
43000 0.136010
43100 0.174600
43200 0.161590
43300 0.159300
43400 0.130880
43500 0.173610
43600 0.134340
43700 0.139350
43800 0.131900
43900 0.136680
44000 0.137390
44100 0.150820
44200 0.135140
44300 0.154270
44400 0.137350
44500 0.146060
44600 0.143360
44700 0.163500
44800 0.150910
44900 0.152050
45000 0.188800
45100 0.140730
45200 0.148680
45300 0.188660
45400 -9.836510
45500 0.156300
45600 0.164690
45700 0.155060
45800 0.170110
45900 0.157490
46000 0.245450
46100 0.154880
46200 0.159490
46300 0.175610
46400 0.274580
46500 0.163040
46600 0.140900
46700 0.166430
46800 0.143430
46900 0.170380
47000 0.157310
47100 0.159210
47200 0.154200
47300 0.177600
47400 0.137950
47500 0.143780
47600 0.159480
47700 0.152910
47800 0.173260
47900 0.150830
48000 0.154880
48100 0.175130
48200 0.166090
48300 0.147370
48400 0.158080
48500 0.166180
48600 0.147100
48700 0.185030
48800 0.173140
48900 -9.809220
49000 0.194780
49100 0.158470
49200 0.135350
49300 0.184430
49400 0.156910
49500 0.157970
49600 0.168220
49700 0.168960
49800 0.172380
49900 0.159890
50000 0.139410
50100 0.169910
50200 0.164610
50300 0.191170
50400 0.158070
50500 0.161800
50600 0.180380
50700 0.148580
50800 0.160930
50900 0.146540
51000 0.154940
51100 0.167850
51200 0.147970
51300 0.170040
51400 0.224790
51500 0.170890
51600 0.172990
51700 0.159430
51800 0.152920
51900 0.249220
52000 0.162990
52100 0.167340
52200 0.179240
52300 0.141340
52400 0.154580
52500 0.140390
52600 0.144350
52700 0.172940
52800 0.185650
52900 0.171860
53000 0.162320
53100 0.191610
53200 0.166180
53300 0.216570
53400 0.165650
53500 0.167040
53600 0.181380
53700 0.250470
53800 0.145100
53900 0.163480
54000 0.154130
54100 0.169730
54200 0.169130
54300 0.141970
54400 0.258580
54500 0.171480
54600 0.146890
54700 0.145660
54800 0.145440
54900 0.141660
55000 0.160670
55100 0.154800
55200 0.220780
55300 0.162350
55400 0.159770
55500 -9.825990
55600 0.177700
55700 0.148160
55800 0.161740
55900 0.153740
56000 0.165940
56100 0.161760
56200 0.161460
56300 0.232780
56400 0.147590
56500 0.164450
56600 0.146970
56700 0.159510
56800 0.199030
56900 0.149780
57000 0.148360
57100 0.136100
57200 0.176430
57300 0.137850
57400 0.136160
57500 0.143810
57600 0.175590
57700 0.154760
57800 0.147760
57900 0.154940
58000 0.187670
58100 0.161400
58200 0.137720
58300 0.133620
58400 0.213330
58500 0.200480
58600 0.146440
58700 0.161880
58800 -9.868000
58900 0.160820
59000 0.126150
59100 0.168610
59200 0.186360
59300 0.132970
59400 0.158950
59500 0.163970
59600 0.138110
59700 0.177020
59800 0.127600
59900 0.148060
60000 0.128090
60100 0.125050
60200 0.152440
60300 0.159420
60400 0.172360
60500 0.231780
60600 0.162960
60700 0.152600
60800 0.150890
60900 0.163450
61000 0.136500
61100 0.160860
61200 0.150750
61300 0.129080
61400 0.142370
61500 0.169660
61600 0.152410
61700 0.145910
61800 0.177350
61900 0.157850
62000 0.165060
62100 -9.822710
62200 0.146420
62300 0.161130
62400 0.172910
62500 0.127530
62600 0.154750
62700 0.182380
62800 0.141280
62900 0.145500
63000 0.165190
63100 0.163810
63200 0.128030
63300 0.149470
63400 0.127540
63500 0.154060
63600 0.166090
63700 0.133100
63800 0.128270
63900 0.150880
64000 0.151870
64100 0.167750
64200 0.178540
64300 0.157290
64400 0.158480
64500 0.192590
64600 0.153070
64700 0.166780
64800 0.196850
64900 0.158520
65000 0.135690
65100 0.130200
65200 0.155360
65300 0.155000
65400 -9.848740
65500 0.130740
